-2.22044604925e-16
0.6
0.0
0.0
0.0
-0.6
0.0
0.0
0.6
0.6
0.6
-1.8
0.0
1.8
0.0
0.0
0.6
0.6
-0.6
-18.0
0.0
0.6
0.0
0.6
0.6
0.0
0.0
-3.45383847991e+306
0.0
0.6
2.69831131243e+304
0.0
nan
0.0
0.6
0.0
8.63459619977e+305
0.6
1.21846165481e+288
0.0
0.6
0.6
0.0
0.0
0.0
0.0
1.8
0.0
4.31729809989e+305
7.8
0.0
1.2
0.0
0.0
1.72691923995e+306
0.0
0.6
0.0
5.72681766417e+304
-4.8
0.6
2.22044604925e-16
0.0
9.72509058144e+287
0.0
0.6
1.07932452497e+305
0.0
0.0
0.0
-0.6
-7.8
-0.6
0.0
12.6
7.2
-2.4
0.0
0.0
0.0
2.4
nan
0.0
0.0
0.0
0.0
0.0
2.36811627312e+304
0.0
-14.4
0.0
0.6
0.0
0.0
0.6
0.6
0.0
0.6
0.0
0.0
